		

 1974.78  2331.44613200 178.98300   0.00303  0.00420    0.18   0.182  0.259
 1974.94  2389.58567500 179.65400   0.00126  0.00255    0.00   0.005  0.207
 1976.94  3118.59096640 188.08700  -0.00163  0.00210   -0.37  -0.164  0.168
 1977.59  3356.64010660 190.84600   0.00272  0.00225   -0.12   0.225  0.156
 1977.96  3493.59102920 192.42600  -0.00205  0.00180   -0.62  -0.178  0.097
 1978.24  3593.39725000 193.58450   0.00152  0.00075   -0.47   0.052  0.052
 1978.43  3663.48770000 194.39300  -0.00105  0.00420   -0.60  -0.023  0.156
 1978.82  3807.54457210 196.06220   0.00115  0.00113   -0.66   0.048  0.078
 1979.32  3988.42315390 198.15470   0.00057  0.00090   -0.91  -0.016  0.065
 1980.11  4276.53689460 201.48670  -0.00142  0.00082   -1.33  -0.102  0.058
 1980.59  4455.47749270 203.55810  -0.00068  0.00082   -1.48  -0.017  0.058
 1981.15  4656.38191738 205.88350  -0.00010  0.00015   -1.76  -0.012  0.012
 1981.92  4938.35870602 209.14664   0.00007  0.00014   -2.19   0.008  0.010
 1982.56  5172.53186888 211.85639   0.00002  0.00014   -2.61   0.006  0.009
 1983.56  5536.55001230 216.06875   0.00004  0.00014   -3.32   0.005  0.009
 1984.52  5888.61724869 220.14280   0.00005  0.00022   -4.07   0.015  0.014
 1985.51  6249.72841330 224.32140  -0.00005  0.00051   -4.92   0.040  0.034
 1987.19  6864.06958660 231.43060   0.00013  0.00045   -6.61   0.016  0.026
 1988.54  7358.57869939 237.15270  -0.00012  0.00021   -8.15   0.001  0.012
 1989.61  7750.69761619 241.69089   0.00056  0.00016   -9.44   0.028  0.010
 1990.93  8233.57881729 247.27831   0.00019  0.00019  -11.21   0.019  0.012
 1992.31  8736.80885642 253.10156   0.00017  0.00034  -13.22   0.007  0.021
 1998.60 11033.64375462 279.68008   0.00024  0.00026  -24.41  -0.027  0.013
 1999.57 11388.61795356 283.78783   0.00030  0.00018  -26.44  -0.027  0.010
 2001.64 12145.40097854 292.54513   0.00028  0.00026  -31.05  -0.044  0.014
 2003.46 12808.19174194 300.21421  -0.00030  0.00008  -35.41  -0.075  0.004
 2006.60 13953.54068527 313.46820  -0.00004  0.00006  -43.58  -0.107  0.004
 2009.99 15191.26688708 327.79097   0.00004  0.00006  -53.36  -0.149  0.004
 2012.83 16229.38066008 339.80345  -0.00029  0.00011  -62.35  -0.203  0.008